Plasmopara	MTPI01000102.1	86.996	223	29	0	1	223	115946	115278	5.10e-136	422
Plasmopara	MTPI01000102.1	95.431	197	8	1	28	223	41814	41224	8.17e-123	384
Plasmopara	MTPI01000102.1	41.228	228	124	3	1	223	36688	36020	4.02e-33	127
Plasmopara	MTPI01000102.1	83.784	37	6	0	1	37	41894	41784	5.32e-12	66.2
Plasmopara	MTPI01000935.1	40.183	219	114	6	9	223	142873	143490	1.45e-43	157
Plasmopara	MTPI01000214.1	39.091	220	125	4	13	223	29755	29096	2.48e-41	150
Plasmopara	MTPI01000214.1	40.930	215	120	4	14	223	32560	33198	1.42e-38	143
Plasmopara	MTPI01000214.1	39.683	63	35	1	35	97	32002	31823	0.011	38.1
Plasmopara	MTPI01000998.1	36.279	215	133	3	11	223	58463	59101	3.39e-41	150
Plasmopara	MTPI01000998.1	34.821	224	137	6	6	223	61198	60536	2.82e-35	133
Plasmopara	MTPI01000016.1	23.810	105	74	3	3	101	38943	38629	1.1	32.0
